radius depth density Vs Qmu
6.3710e+06 0.0000e+00 1.0200e+03 0.0000e+00 0.0000e+00
6.3680e+06 3.0000e+03 1.0200e+03 0.0000e+00 0.0000e+00
6.3680e+06 3.0000e+03 2.6000e+03 3.1910e+03 6.0000e+02
6.3560e+06 1.5000e+04 2.6000e+03 3.1910e+03 6.0000e+02
6.3560e+06 1.5000e+04 2.9000e+03 3.8890e+03 6.0000e+02
6.3466e+06 2.4400e+04 2.9000e+03 3.8890e+03 6.0000e+02
6.3466e+06 2.4400e+04 3.3808e+03 4.4566e+03 6.0000e+02
6.3310e+06 4.0000e+04 3.3791e+03 4.4541e+03 6.0000e+02
6.3110e+06 6.0000e+04 3.3769e+03 4.4510e+03 6.0000e+02
6.2910e+06 8.0000e+04 3.3747e+03 4.4479e+03 6.0000e+02
6.2910e+06 8.0000e+04 3.3747e+03 4.3664e+03 8.0000e+01
6.2710e+06 1.0000e+05 3.3725e+03 4.3634e+03 8.0000e+01
6.2510e+06 1.2000e+05 3.3704e+03 4.3604e+03 8.0000e+01
6.2310e+06 1.4000e+05 3.3682e+03 4.3575e+03 8.0000e+01
6.2110e+06 1.6000e+05 3.3660e+03 4.3546e+03 8.0000e+01
6.1910e+06 1.8000e+05 3.3638e+03 4.3516e+03 8.0000e+01
6.1710e+06 2.0000e+05 3.3617e+03 4.3488e+03 8.0000e+01
6.1510e+06 2.2000e+05 3.3595e+03 4.3459e+03 8.0000e+01
6.1510e+06 2.2000e+05 3.4358e+03 4.5891e+03 1.4300e+02
6.1060e+06 2.6500e+05 3.4626e+03 4.6203e+03 1.4300e+02
6.0610e+06 3.1000e+05 3.4895e+03 4.6514e+03 1.4300e+02
6.0160e+06 3.5500e+05 3.5164e+03 4.6825e+03 1.4300e+02
5.9710e+06 4.0000e+05 3.5432e+03 4.7136e+03 1.4300e+02
5.9710e+06 4.0000e+05 3.7238e+03 4.8744e+03 1.4300e+02
5.9210e+06 4.5000e+05 3.7868e+03 5.0185e+03 1.4300e+02
5.8710e+06 5.0000e+05 3.8498e+03 5.1627e+03 1.4300e+02
5.8210e+06 5.5000e+05 3.9128e+03 5.3068e+03 1.4300e+02
5.7710e+06 6.0000e+05 3.9758e+03 5.4510e+03 1.4300e+02
5.7710e+06 6.0000e+05 3.9758e+03 5.4510e+03 1.4300e+02
5.7360e+06 6.3500e+05 3.9840e+03 5.4778e+03 1.4300e+02
5.7010e+06 6.7000e+05 3.9921e+03 5.5045e+03 1.4300e+02
5.7010e+06 6.7000e+05 4.3807e+03 5.9129e+03 3.1200e+02
5.6500e+06 7.2100e+05 4.4124e+03 6.0612e+03 3.1200e+02
5.6000e+06 7.7100e+05 4.4432e+03 6.2067e+03 3.1200e+02
5.6000e+06 7.7100e+05 4.4432e+03 6.2067e+03 3.1200e+02
5.5000e+06 8.7100e+05 4.5037e+03 6.2768e+03 3.1200e+02
5.4000e+06 9.7100e+05 4.5631e+03 6.3436e+03 3.1200e+02
5.3000e+06 1.0710e+06 4.6213e+03 6.4075e+03 3.1200e+02
5.2000e+06 1.1710e+06 4.6784e+03 6.4686e+03 3.1200e+02
5.1000e+06 1.2710e+06 4.7346e+03 6.5270e+03 3.1200e+02
5.0000e+06 1.3710e+06 4.7898e+03 6.5831e+03 3.1200e+02
4.9000e+06 1.4710e+06 4.8442e+03 6.6371e+03 3.1200e+02
4.8000e+06 1.5710e+06 4.8978e+03 6.6891e+03 3.1200e+02
4.7000e+06 1.6710e+06 4.9507e+03 6.7394e+03 3.1200e+02
4.6000e+06 1.7710e+06 5.0030e+03 6.7882e+03 3.1200e+02
4.5000e+06 1.8710e+06 5.0547e+03 6.8357e+03 3.1200e+02
4.4000e+06 1.9710e+06 5.1059e+03 6.8822e+03 3.1200e+02
4.3000e+06 2.0710e+06 5.1567e+03 6.9277e+03 3.1200e+02
4.2000e+06 2.1710e+06 5.2071e+03 6.9726e+03 3.1200e+02
4.1000e+06 2.2710e+06 5.2573e+03 7.0171e+03 3.1200e+02
4.0000e+06 2.3710e+06 5.3072e+03 7.0614e+03 3.1200e+02
3.9000e+06 2.4710e+06 5.3571e+03 7.1056e+03 3.1200e+02
3.8000e+06 2.5710e+06 5.4068e+03 7.1501e+03 3.1200e+02
3.7000e+06 2.6710e+06 5.4566e+03 7.1949e+03 3.1200e+02
3.6300e+06 2.7410e+06 5.4914e+03 7.2267e+03 3.1200e+02
3.6300e+06 2.7410e+06 5.4914e+03 7.2267e+03 3.1200e+02
3.6000e+06 2.7710e+06 5.5064e+03 7.2265e+03 3.1200e+02
3.5000e+06 2.8710e+06 5.5564e+03 7.2256e+03 3.1200e+02
3.4800e+06 2.8910e+06 5.5664e+03 7.2254e+03 3.1200e+02
3.4800e+06 2.8910e+06 9.9035e+03 0.0000e+00 0.0000e+00
3.4000e+06 2.9710e+06 1.0029e+04 0.0000e+00 0.0000e+00
3.3000e+06 3.0710e+06 1.0181e+04 0.0000e+00 0.0000e+00
3.2000e+06 3.1710e+06 1.0327e+04 0.0000e+00 0.0000e+00
3.1000e+06 3.2710e+06 1.0467e+04 0.0000e+00 0.0000e+00
3.0000e+06 3.3710e+06 1.0602e+04 0.0000e+00 0.0000e+00
2.9000e+06 3.4710e+06 1.0730e+04 0.0000e+00 0.0000e+00
2.8000e+06 3.5710e+06 1.0853e+04 0.0000e+00 0.0000e+00
2.7000e+06 3.6710e+06 1.0971e+04 0.0000e+00 0.0000e+00
2.6000e+06 3.7710e+06 1.1083e+04 0.0000e+00 0.0000e+00
2.5000e+06 3.8710e+06 1.1191e+04 0.0000e+00 0.0000e+00
2.4000e+06 3.9710e+06 1.1293e+04 0.0000e+00 0.0000e+00
2.3000e+06 4.0710e+06 1.1390e+04 0.0000e+00 0.0000e+00
2.2000e+06 4.1710e+06 1.1483e+04 0.0000e+00 0.0000e+00
2.1000e+06 4.2710e+06 1.1571e+04 0.0000e+00 0.0000e+00
2.0000e+06 4.3710e+06 1.1655e+04 0.0000e+00 0.0000e+00
1.9000e+06 4.4710e+06 1.1734e+04 0.0000e+00 0.0000e+00
1.8000e+06 4.5710e+06 1.1809e+04 0.0000e+00 0.0000e+00
1.7000e+06 4.6710e+06 1.1880e+04 0.0000e+00 0.0000e+00
1.6000e+06 4.7710e+06 1.1947e+04 0.0000e+00 0.0000e+00
1.5000e+06 4.8710e+06 1.2010e+04 0.0000e+00 0.0000e+00
1.4000e+06 4.9710e+06 1.2069e+04 0.0000e+00 0.0000e+00
1.3000e+06 5.0710e+06 1.2125e+04 0.0000e+00 0.0000e+00
1.2215e+06 5.1495e+06 1.2166e+04 0.0000e+00 0.0000e+00
1.2215e+06 5.1495e+06 1.2764e+04 3.4345e+03 8.5000e+01
1.2000e+06 5.1710e+06 1.2775e+04 3.4401e+03 8.5000e+01
1.1000e+06 5.2710e+06 1.2825e+04 3.4648e+03 8.5000e+01
1.0000e+06 5.3710e+06 1.2871e+04 3.4873e+03 8.5000e+01
9.0000e+05 5.4710e+06 1.2912e+04 3.5077e+03 8.5000e+01
8.0000e+05 5.5710e+06 1.2949e+04 3.5260e+03 8.5000e+01
7.0000e+05 5.6710e+06 1.2982e+04 3.5421e+03 8.5000e+01
6.0000e+05 5.7710e+06 1.3010e+04 3.5560e+03 8.5000e+01
5.0000e+05 5.8710e+06 1.3034e+04 3.5678e+03 8.5000e+01
4.0000e+05 5.9710e+06 1.3054e+04 3.5775e+03 8.5000e+01
3.0000e+05 6.0710e+06 1.3069e+04 3.5850e+03 8.5000e+01
2.0000e+05 6.1710e+06 1.3080e+04 3.5904e+03 8.5000e+01
1.0000e+05 6.2710e+06 1.3086e+04 3.5936e+03 8.5000e+01
0.0000e+00 6.3710e+06 1.3088e+04 3.5947e+03 8.5000e+01
