radius depth density Vs Qmu
0.0000e+00 6.3710e+06 1.3088e+04 3.6678e+03 1.0400e+02
6.8240e+03 6.3642e+06 1.3088e+04 3.6678e+03 1.0400e+02
1.3648e+04 6.3574e+06 1.3088e+04 3.6678e+03 1.0400e+02
2.0472e+04 6.3505e+06 1.3088e+04 3.6678e+03 1.0400e+02
2.7296e+04 6.3437e+06 1.3088e+04 3.6677e+03 1.0400e+02
3.4120e+04 6.3369e+06 1.3088e+04 3.6677e+03 1.0400e+02
4.0944e+04 6.3301e+06 1.3088e+04 3.6676e+03 1.0400e+02
4.7768e+04 6.3232e+06 1.3088e+04 3.6676e+03 1.0400e+02
5.4592e+04 6.3164e+06 1.3088e+04 3.6675e+03 1.0400e+02
6.1416e+04 6.3096e+06 1.3088e+04 3.6674e+03 1.0400e+02
6.8240e+04 6.3028e+06 1.3087e+04 3.6673e+03 1.0400e+02
7.5064e+04 6.2959e+06 1.3087e+04 3.6672e+03 1.0400e+02
8.1888e+04 6.2891e+06 1.3087e+04 3.6671e+03 1.0400e+02
8.8712e+04 6.2823e+06 1.3087e+04 3.6669e+03 1.0400e+02
9.5536e+04 6.2755e+06 1.3086e+04 3.6668e+03 1.0400e+02
1.0236e+05 6.2686e+06 1.3086e+04 3.6667e+03 1.0400e+02
1.0918e+05 6.2618e+06 1.3086e+04 3.6665e+03 1.0400e+02
1.1601e+05 6.2550e+06 1.3086e+04 3.6663e+03 1.0400e+02
1.2283e+05 6.2482e+06 1.3085e+04 3.6662e+03 1.0400e+02
1.2966e+05 6.2413e+06 1.3085e+04 3.6660e+03 1.0400e+02
1.3648e+05 6.2345e+06 1.3084e+04 3.6658e+03 1.0400e+02
1.4330e+05 6.2277e+06 1.3084e+04 3.6656e+03 1.0400e+02
1.5013e+05 6.2209e+06 1.3084e+04 3.6653e+03 1.0400e+02
1.5695e+05 6.2140e+06 1.3083e+04 3.6651e+03 1.0400e+02
1.6378e+05 6.2072e+06 1.3083e+04 3.6649e+03 1.0400e+02
1.7060e+05 6.2004e+06 1.3082e+04 3.6646e+03 1.0400e+02
1.7742e+05 6.1936e+06 1.3082e+04 3.6643e+03 1.0400e+02
1.8425e+05 6.1868e+06 1.3081e+04 3.6641e+03 1.0400e+02
1.9107e+05 6.1799e+06 1.3081e+04 3.6638e+03 1.0400e+02
1.9790e+05 6.1731e+06 1.3080e+04 3.6635e+03 1.0400e+02
2.0472e+05 6.1663e+06 1.3079e+04 3.6632e+03 1.0400e+02
2.1154e+05 6.1595e+06 1.3079e+04 3.6629e+03 1.0400e+02
2.1837e+05 6.1526e+06 1.3078e+04 3.6626e+03 1.0400e+02
2.2519e+05 6.1458e+06 1.3077e+04 3.6622e+03 1.0400e+02
2.3202e+05 6.1390e+06 1.3077e+04 3.6619e+03 1.0400e+02
2.3884e+05 6.1322e+06 1.3076e+04 3.6616e+03 1.0400e+02
2.4566e+05 6.1253e+06 1.3075e+04 3.6612e+03 1.0400e+02
2.5249e+05 6.1185e+06 1.3075e+04 3.6608e+03 1.0400e+02
2.5931e+05 6.1117e+06 1.3074e+04 3.6604e+03 1.0400e+02
2.6614e+05 6.1049e+06 1.3073e+04 3.6600e+03 1.0400e+02
2.7296e+05 6.0980e+06 1.3072e+04 3.6596e+03 1.0400e+02
2.7978e+05 6.0912e+06 1.3071e+04 3.6592e+03 1.0400e+02
2.8661e+05 6.0844e+06 1.3071e+04 3.6588e+03 1.0400e+02
2.9343e+05 6.0776e+06 1.3070e+04 3.6584e+03 1.0400e+02
3.0026e+05 6.0707e+06 1.3069e+04 3.6579e+03 1.0400e+02
3.0708e+05 6.0639e+06 1.3068e+04 3.6575e+03 1.0400e+02
3.1390e+05 6.0571e+06 1.3067e+04 3.6570e+03 1.0400e+02
3.2073e+05 6.0503e+06 1.3066e+04 3.6565e+03 1.0400e+02
3.2755e+05 6.0434e+06 1.3065e+04 3.6560e+03 1.0400e+02
3.3438e+05 6.0366e+06 1.3064e+04 3.6556e+03 1.0400e+02
3.4120e+05 6.0298e+06 1.3063e+04 3.6550e+03 1.0400e+02
3.4802e+05 6.0230e+06 1.3062e+04 3.6545e+03 1.0400e+02
3.5485e+05 6.0162e+06 1.3061e+04 3.6540e+03 1.0400e+02
3.6167e+05 6.0093e+06 1.3060e+04 3.6535e+03 1.0400e+02
3.6849e+05 6.0025e+06 1.3059e+04 3.6529e+03 1.0400e+02
3.7532e+05 5.9957e+06 1.3058e+04 3.6524e+03 1.0400e+02
3.8214e+05 5.9889e+06 1.3057e+04 3.6518e+03 1.0400e+02
3.8897e+05 5.9820e+06 1.3056e+04 3.6512e+03 1.0400e+02
3.9579e+05 5.9752e+06 1.3054e+04 3.6506e+03 1.0400e+02
4.0261e+05 5.9684e+06 1.3053e+04 3.6500e+03 1.0400e+02
4.0944e+05 5.9616e+06 1.3052e+04 3.6494e+03 1.0400e+02
4.1626e+05 5.9547e+06 1.3051e+04 3.6488e+03 1.0400e+02
4.2309e+05 5.9479e+06 1.3050e+04 3.6482e+03 1.0400e+02
4.2991e+05 5.9411e+06 1.3048e+04 3.6476e+03 1.0400e+02
4.3673e+05 5.9343e+06 1.3047e+04 3.6469e+03 1.0400e+02
4.4356e+05 5.9274e+06 1.3046e+04 3.6462e+03 1.0400e+02
4.5038e+05 5.9206e+06 1.3044e+04 3.6456e+03 1.0400e+02
4.5721e+05 5.9138e+06 1.3043e+04 3.6449e+03 1.0400e+02
4.6403e+05 5.9070e+06 1.3042e+04 3.6442e+03 1.0400e+02
4.7085e+05 5.9001e+06 1.3040e+04 3.6435e+03 1.0400e+02
4.7768e+05 5.8933e+06 1.3039e+04 3.6428e+03 1.0400e+02
4.8450e+05 5.8865e+06 1.3037e+04 3.6421e+03 1.0400e+02
4.9133e+05 5.8797e+06 1.3036e+04 3.6413e+03 1.0400e+02
4.9815e+05 5.8728e+06 1.3034e+04 3.6406e+03 1.0400e+02
5.0497e+05 5.8660e+06 1.3033e+04 3.6399e+03 1.0400e+02
5.1180e+05 5.8592e+06 1.3031e+04 3.6391e+03 1.0400e+02
5.1862e+05 5.8524e+06 1.3030e+04 3.6383e+03 1.0400e+02
5.2545e+05 5.8456e+06 1.3028e+04 3.6376e+03 1.0400e+02
5.3227e+05 5.8387e+06 1.3027e+04 3.6368e+03 1.0400e+02
5.3909e+05 5.8319e+06 1.3025e+04 3.6360e+03 1.0400e+02
5.4592e+05 5.8251e+06 1.3024e+04 3.6351e+03 1.0400e+02
5.5274e+05 5.8183e+06 1.3022e+04 3.6343e+03 1.0400e+02
5.5957e+05 5.8114e+06 1.3020e+04 3.6335e+03 1.0400e+02
5.6639e+05 5.8046e+06 1.3019e+04 3.6327e+03 1.0400e+02
5.7321e+05 5.7978e+06 1.3017e+04 3.6318e+03 1.0400e+02
5.8004e+05 5.7910e+06 1.3015e+04 3.6309e+03 1.0400e+02
5.8686e+05 5.7841e+06 1.3013e+04 3.6301e+03 1.0400e+02
5.9368e+05 5.7773e+06 1.3012e+04 3.6292e+03 1.0400e+02
6.0051e+05 5.7705e+06 1.3010e+04 3.6283e+03 1.0400e+02
6.0733e+05 5.7637e+06 1.3008e+04 3.6274e+03 1.0400e+02
6.1416e+05 5.7568e+06 1.3006e+04 3.6265e+03 1.0400e+02
6.2098e+05 5.7500e+06 1.3005e+04 3.6256e+03 1.0400e+02
6.2780e+05 5.7432e+06 1.3003e+04 3.6246e+03 1.0400e+02
6.3463e+05 5.7364e+06 1.3001e+04 3.6237e+03 1.0400e+02
6.4145e+05 5.7295e+06 1.2999e+04 3.6227e+03 1.0400e+02
6.4828e+05 5.7227e+06 1.2997e+04 3.6218e+03 1.0400e+02
6.5510e+05 5.7159e+06 1.2995e+04 3.6208e+03 1.0400e+02
6.6192e+05 5.7091e+06 1.2993e+04 3.6198e+03 1.0400e+02
6.6875e+05 5.7023e+06 1.2991e+04 3.6188e+03 1.0400e+02
6.7557e+05 5.6954e+06 1.2989e+04 3.6178e+03 1.0400e+02
6.8240e+05 5.6886e+06 1.2987e+04 3.6168e+03 1.0400e+02
6.8922e+05 5.6818e+06 1.2985e+04 3.6158e+03 1.0400e+02
6.9604e+05 5.6750e+06 1.2983e+04 3.6147e+03 1.0400e+02
7.0287e+05 5.6681e+06 1.2981e+04 3.6137e+03 1.0400e+02
7.0969e+05 5.6613e+06 1.2979e+04 3.6126e+03 1.0400e+02
7.1652e+05 5.6545e+06 1.2977e+04 3.6116e+03 1.0400e+02
7.2334e+05 5.6477e+06 1.2975e+04 3.6105e+03 1.0400e+02
7.3016e+05 5.6408e+06 1.2972e+04 3.6094e+03 1.0400e+02
7.3699e+05 5.6340e+06 1.2970e+04 3.6083e+03 1.0400e+02
7.4381e+05 5.6272e+06 1.2968e+04 3.6072e+03 1.0400e+02
7.5064e+05 5.6204e+06 1.2966e+04 3.6061e+03 1.0400e+02
7.5746e+05 5.6135e+06 1.2964e+04 3.6049e+03 1.0400e+02
7.6428e+05 5.6067e+06 1.2961e+04 3.6038e+03 1.0400e+02
7.7111e+05 5.5999e+06 1.2959e+04 3.6027e+03 1.0400e+02
7.7793e+05 5.5931e+06 1.2957e+04 3.6015e+03 1.0400e+02
7.8476e+05 5.5862e+06 1.2954e+04 3.6003e+03 1.0400e+02
7.9158e+05 5.5794e+06 1.2952e+04 3.5991e+03 1.0400e+02
7.9840e+05 5.5726e+06 1.2950e+04 3.5979e+03 1.0400e+02
8.0523e+05 5.5658e+06 1.2947e+04 3.5968e+03 1.0400e+02
8.1205e+05 5.5589e+06 1.2945e+04 3.5955e+03 1.0400e+02
8.1888e+05 5.5521e+06 1.2942e+04 3.5943e+03 1.0400e+02
8.2570e+05 5.5453e+06 1.2940e+04 3.5931e+03 1.0400e+02
8.3252e+05 5.5385e+06 1.2938e+04 3.5919e+03 1.0400e+02
8.3935e+05 5.5317e+06 1.2935e+04 3.5906e+03 1.0400e+02
8.4617e+05 5.5248e+06 1.2933e+04 3.5893e+03 1.0400e+02
8.5300e+05 5.5180e+06 1.2930e+04 3.5881e+03 1.0400e+02
8.5982e+05 5.5112e+06 1.2928e+04 3.5868e+03 1.0400e+02
8.6664e+05 5.5044e+06 1.2925e+04 3.5855e+03 1.0400e+02
8.7347e+05 5.4975e+06 1.2922e+04 3.5842e+03 1.0400e+02
8.8029e+05 5.4907e+06 1.2920e+04 3.5829e+03 1.0400e+02
8.8712e+05 5.4839e+06 1.2917e+04 3.5816e+03 1.0400e+02
8.9394e+05 5.4771e+06 1.2914e+04 3.5802e+03 1.0400e+02
9.0076e+05 5.4702e+06 1.2912e+04 3.5789e+03 1.0400e+02
9.0759e+05 5.4634e+06 1.2909e+04 3.5775e+03 1.0400e+02
9.1441e+05 5.4566e+06 1.2906e+04 3.5762e+03 1.0400e+02
9.2124e+05 5.4498e+06 1.2904e+04 3.5748e+03 1.0400e+02
9.2806e+05 5.4429e+06 1.2901e+04 3.5734e+03 1.0400e+02
9.3488e+05 5.4361e+06 1.2898e+04 3.5720e+03 1.0400e+02
9.4171e+05 5.4293e+06 1.2895e+04 3.5706e+03 1.0400e+02
9.4853e+05 5.4225e+06 1.2893e+04 3.5692e+03 1.0400e+02
9.5536e+05 5.4156e+06 1.2890e+04 3.5678e+03 1.0400e+02
9.6218e+05 5.4088e+06 1.2887e+04 3.5664e+03 1.0400e+02
9.6900e+05 5.4020e+06 1.2884e+04 3.5649e+03 1.0400e+02
9.7583e+05 5.3952e+06 1.2881e+04 3.5635e+03 1.0400e+02
9.8265e+05 5.3883e+06 1.2878e+04 3.5620e+03 1.0400e+02
9.8948e+05 5.3815e+06 1.2875e+04 3.5605e+03 1.0400e+02
9.9630e+05 5.3747e+06 1.2872e+04 3.5590e+03 1.0400e+02
1.0031e+06 5.3679e+06 1.2869e+04 3.5575e+03 1.0400e+02
1.0099e+06 5.3611e+06 1.2866e+04 3.5560e+03 1.0400e+02
1.0168e+06 5.3542e+06 1.2863e+04 3.5545e+03 1.0400e+02
1.0236e+06 5.3474e+06 1.2860e+04 3.5530e+03 1.0400e+02
1.0304e+06 5.3406e+06 1.2857e+04 3.5515e+03 1.0400e+02
1.0372e+06 5.3338e+06 1.2854e+04 3.5499e+03 1.0400e+02
1.0441e+06 5.3269e+06 1.2851e+04 3.5484e+03 1.0400e+02
1.0509e+06 5.3201e+06 1.2848e+04 3.5468e+03 1.0400e+02
1.0577e+06 5.3133e+06 1.2845e+04 3.5452e+03 1.0400e+02
1.0645e+06 5.3065e+06 1.2842e+04 3.5436e+03 1.0400e+02
1.0714e+06 5.2996e+06 1.2839e+04 3.5420e+03 1.0400e+02
1.0782e+06 5.2928e+06 1.2835e+04 3.5404e+03 1.0400e+02
1.0850e+06 5.2860e+06 1.2832e+04 3.5388e+03 1.0400e+02
1.0918e+06 5.2792e+06 1.2829e+04 3.5372e+03 1.0400e+02
1.0987e+06 5.2723e+06 1.2826e+04 3.5355e+03 1.0400e+02
1.1055e+06 5.2655e+06 1.2822e+04 3.5339e+03 1.0400e+02
1.1123e+06 5.2587e+06 1.2819e+04 3.5322e+03 1.0400e+02
1.1191e+06 5.2519e+06 1.2816e+04 3.5306e+03 1.0400e+02
1.1260e+06 5.2450e+06 1.2812e+04 3.5289e+03 1.0400e+02
1.1328e+06 5.2382e+06 1.2809e+04 3.5272e+03 1.0400e+02
1.1396e+06 5.2314e+06 1.2806e+04 3.5255e+03 1.0400e+02
1.1464e+06 5.2246e+06 1.2802e+04 3.5238e+03 1.0400e+02
1.1533e+06 5.2177e+06 1.2799e+04 3.5221e+03 1.0400e+02
1.1601e+06 5.2109e+06 1.2795e+04 3.5203e+03 1.0400e+02
1.1669e+06 5.2041e+06 1.2792e+04 3.5186e+03 1.0400e+02
1.1737e+06 5.1973e+06 1.2789e+04 3.5168e+03 1.0400e+02
1.1805e+06 5.1905e+06 1.2785e+04 3.5151e+03 1.0400e+02
1.1874e+06 5.1836e+06 1.2781e+04 3.5133e+03 1.0400e+02
1.1942e+06 5.1768e+06 1.2778e+04 3.5115e+03 1.0400e+02
1.2010e+06 5.1700e+06 1.2774e+04 3.5098e+03 1.0400e+02
1.2078e+06 5.1632e+06 1.2771e+04 3.5079e+03 1.0400e+02
1.2147e+06 5.1563e+06 1.2767e+04 3.5061e+03 1.0400e+02
1.2215e+06 5.1495e+06 1.2764e+04 3.5043e+03 1.0400e+02
1.2215e+06 5.1495e+06 1.2166e+04 0.0000e+00 0.0000e+00
1.2342e+06 5.1368e+06 1.2160e+04 0.0000e+00 0.0000e+00
1.2470e+06 5.1240e+06 1.2153e+04 0.0000e+00 0.0000e+00
1.2598e+06 5.1112e+06 1.2146e+04 0.0000e+00 0.0000e+00
1.2725e+06 5.0985e+06 1.2140e+04 0.0000e+00 0.0000e+00
1.2853e+06 5.0857e+06 1.2133e+04 0.0000e+00 0.0000e+00
1.2980e+06 5.0730e+06 1.2126e+04 0.0000e+00 0.0000e+00
1.3108e+06 5.0602e+06 1.2119e+04 0.0000e+00 0.0000e+00
1.3236e+06 5.0474e+06 1.2112e+04 0.0000e+00 0.0000e+00
1.3363e+06 5.0347e+06 1.2105e+04 0.0000e+00 0.0000e+00
1.3491e+06 5.0219e+06 1.2098e+04 0.0000e+00 0.0000e+00
1.3618e+06 5.0092e+06 1.2091e+04 0.0000e+00 0.0000e+00
1.3746e+06 4.9964e+06 1.2084e+04 0.0000e+00 0.0000e+00
1.3874e+06 4.9836e+06 1.2076e+04 0.0000e+00 0.0000e+00
1.4001e+06 4.9709e+06 1.2069e+04 0.0000e+00 0.0000e+00
1.4129e+06 4.9581e+06 1.2062e+04 0.0000e+00 0.0000e+00
1.4256e+06 4.9454e+06 1.2054e+04 0.0000e+00 0.0000e+00
1.4384e+06 4.9326e+06 1.2047e+04 0.0000e+00 0.0000e+00
1.4512e+06 4.9198e+06 1.2039e+04 0.0000e+00 0.0000e+00
1.4639e+06 4.9071e+06 1.2032e+04 0.0000e+00 0.0000e+00
1.4767e+06 4.8943e+06 1.2024e+04 0.0000e+00 0.0000e+00
1.4894e+06 4.8816e+06 1.2016e+04 0.0000e+00 0.0000e+00
1.5022e+06 4.8688e+06 1.2009e+04 0.0000e+00 0.0000e+00
1.5150e+06 4.8560e+06 1.2001e+04 0.0000e+00 0.0000e+00
1.5277e+06 4.8433e+06 1.1993e+04 0.0000e+00 0.0000e+00
1.5405e+06 4.8305e+06 1.1985e+04 0.0000e+00 0.0000e+00
1.5532e+06 4.8178e+06 1.1977e+04 0.0000e+00 0.0000e+00
1.5660e+06 4.8050e+06 1.1969e+04 0.0000e+00 0.0000e+00
1.5788e+06 4.7922e+06 1.1961e+04 0.0000e+00 0.0000e+00
1.5915e+06 4.7795e+06 1.1952e+04 0.0000e+00 0.0000e+00
1.6043e+06 4.7667e+06 1.1944e+04 0.0000e+00 0.0000e+00
1.6170e+06 4.7540e+06 1.1936e+04 0.0000e+00 0.0000e+00
1.6298e+06 4.7412e+06 1.1927e+04 0.0000e+00 0.0000e+00
1.6426e+06 4.7284e+06 1.1919e+04 0.0000e+00 0.0000e+00
1.6553e+06 4.7157e+06 1.1910e+04 0.0000e+00 0.0000e+00
1.6681e+06 4.7029e+06 1.1902e+04 0.0000e+00 0.0000e+00
1.6808e+06 4.6902e+06 1.1893e+04 0.0000e+00 0.0000e+00
1.6936e+06 4.6774e+06 1.1884e+04 0.0000e+00 0.0000e+00
1.7064e+06 4.6646e+06 1.1876e+04 0.0000e+00 0.0000e+00
1.7191e+06 4.6519e+06 1.1867e+04 0.0000e+00 0.0000e+00
1.7319e+06 4.6391e+06 1.1858e+04 0.0000e+00 0.0000e+00
1.7446e+06 4.6264e+06 1.1849e+04 0.0000e+00 0.0000e+00
1.7574e+06 4.6136e+06 1.1840e+04 0.0000e+00 0.0000e+00
1.7702e+06 4.6008e+06 1.1831e+04 0.0000e+00 0.0000e+00
1.7829e+06 4.5881e+06 1.1821e+04 0.0000e+00 0.0000e+00
1.7957e+06 4.5753e+06 1.1812e+04 0.0000e+00 0.0000e+00
1.8084e+06 4.5626e+06 1.1803e+04 0.0000e+00 0.0000e+00
1.8212e+06 4.5498e+06 1.1793e+04 0.0000e+00 0.0000e+00
1.8340e+06 4.5370e+06 1.1784e+04 0.0000e+00 0.0000e+00
1.8467e+06 4.5243e+06 1.1774e+04 0.0000e+00 0.0000e+00
1.8595e+06 4.5115e+06 1.1765e+04 0.0000e+00 0.0000e+00
1.8722e+06 4.4988e+06 1.1755e+04 0.0000e+00 0.0000e+00
1.8850e+06 4.4860e+06 1.1746e+04 0.0000e+00 0.0000e+00
1.8978e+06 4.4732e+06 1.1736e+04 0.0000e+00 0.0000e+00
1.9105e+06 4.4605e+06 1.1726e+04 0.0000e+00 0.0000e+00
1.9233e+06 4.4477e+06 1.1716e+04 0.0000e+00 0.0000e+00
1.9360e+06 4.4350e+06 1.1706e+04 0.0000e+00 0.0000e+00
1.9488e+06 4.4222e+06 1.1696e+04 0.0000e+00 0.0000e+00
1.9616e+06 4.4094e+06 1.1686e+04 0.0000e+00 0.0000e+00
1.9743e+06 4.3967e+06 1.1676e+04 0.0000e+00 0.0000e+00
1.9871e+06 4.3839e+06 1.1665e+04 0.0000e+00 0.0000e+00
1.9998e+06 4.3712e+06 1.1655e+04 0.0000e+00 0.0000e+00
2.0126e+06 4.3584e+06 1.1644e+04 0.0000e+00 0.0000e+00
2.0254e+06 4.3456e+06 1.1634e+04 0.0000e+00 0.0000e+00
2.0381e+06 4.3329e+06 1.1623e+04 0.0000e+00 0.0000e+00
2.0509e+06 4.3201e+06 1.1613e+04 0.0000e+00 0.0000e+00
2.0636e+06 4.3074e+06 1.1602e+04 0.0000e+00 0.0000e+00
2.0764e+06 4.2946e+06 1.1591e+04 0.0000e+00 0.0000e+00
2.0892e+06 4.2818e+06 1.1580e+04 0.0000e+00 0.0000e+00
2.1019e+06 4.2691e+06 1.1570e+04 0.0000e+00 0.0000e+00
2.1147e+06 4.2563e+06 1.1559e+04 0.0000e+00 0.0000e+00
2.1274e+06 4.2436e+06 1.1547e+04 0.0000e+00 0.0000e+00
2.1402e+06 4.2308e+06 1.1536e+04 0.0000e+00 0.0000e+00
2.1529e+06 4.2181e+06 1.1525e+04 0.0000e+00 0.0000e+00
2.1657e+06 4.2053e+06 1.1514e+04 0.0000e+00 0.0000e+00
2.1785e+06 4.1925e+06 1.1502e+04 0.0000e+00 0.0000e+00
2.1912e+06 4.1798e+06 1.1491e+04 0.0000e+00 0.0000e+00
2.2040e+06 4.1670e+06 1.1480e+04 0.0000e+00 0.0000e+00
2.2167e+06 4.1543e+06 1.1468e+04 0.0000e+00 0.0000e+00
2.2295e+06 4.1415e+06 1.1456e+04 0.0000e+00 0.0000e+00
2.2423e+06 4.1287e+06 1.1444e+04 0.0000e+00 0.0000e+00
2.2550e+06 4.1160e+06 1.1433e+04 0.0000e+00 0.0000e+00
2.2678e+06 4.1032e+06 1.1421e+04 0.0000e+00 0.0000e+00
2.2805e+06 4.0905e+06 1.1409e+04 0.0000e+00 0.0000e+00
2.2933e+06 4.0777e+06 1.1397e+04 0.0000e+00 0.0000e+00
2.3061e+06 4.0649e+06 1.1385e+04 0.0000e+00 0.0000e+00
2.3188e+06 4.0522e+06 1.1372e+04 0.0000e+00 0.0000e+00
2.3316e+06 4.0394e+06 1.1360e+04 0.0000e+00 0.0000e+00
2.3443e+06 4.0267e+06 1.1348e+04 0.0000e+00 0.0000e+00
2.3571e+06 4.0139e+06 1.1335e+04 0.0000e+00 0.0000e+00
2.3699e+06 4.0011e+06 1.1323e+04 0.0000e+00 0.0000e+00
2.3826e+06 3.9884e+06 1.1310e+04 0.0000e+00 0.0000e+00
2.3954e+06 3.9756e+06 1.1298e+04 0.0000e+00 0.0000e+00
2.4081e+06 3.9629e+06 1.1285e+04 0.0000e+00 0.0000e+00
2.4209e+06 3.9501e+06 1.1272e+04 0.0000e+00 0.0000e+00
2.4337e+06 3.9373e+06 1.1259e+04 0.0000e+00 0.0000e+00
2.4464e+06 3.9246e+06 1.1246e+04 0.0000e+00 0.0000e+00
2.4592e+06 3.9118e+06 1.1233e+04 0.0000e+00 0.0000e+00
2.4719e+06 3.8991e+06 1.1220e+04 0.0000e+00 0.0000e+00
2.4847e+06 3.8863e+06 1.1207e+04 0.0000e+00 0.0000e+00
2.4975e+06 3.8735e+06 1.1193e+04 0.0000e+00 0.0000e+00
2.5102e+06 3.8608e+06 1.1180e+04 0.0000e+00 0.0000e+00
2.5230e+06 3.8480e+06 1.1166e+04 0.0000e+00 0.0000e+00
2.5357e+06 3.8353e+06 1.1153e+04 0.0000e+00 0.0000e+00
2.5485e+06 3.8225e+06 1.1139e+04 0.0000e+00 0.0000e+00
2.5613e+06 3.8097e+06 1.1126e+04 0.0000e+00 0.0000e+00
2.5740e+06 3.7970e+06 1.1112e+04 0.0000e+00 0.0000e+00
2.5868e+06 3.7842e+06 1.1098e+04 0.0000e+00 0.0000e+00
2.5995e+06 3.7715e+06 1.1084e+04 0.0000e+00 0.0000e+00
2.6123e+06 3.7587e+06 1.1070e+04 0.0000e+00 0.0000e+00
2.6251e+06 3.7459e+06 1.1056e+04 0.0000e+00 0.0000e+00
2.6378e+06 3.7332e+06 1.1041e+04 0.0000e+00 0.0000e+00
2.6506e+06 3.7204e+06 1.1027e+04 0.0000e+00 0.0000e+00
2.6633e+06 3.7077e+06 1.1013e+04 0.0000e+00 0.0000e+00
2.6761e+06 3.6949e+06 1.0998e+04 0.0000e+00 0.0000e+00
2.6889e+06 3.6821e+06 1.0984e+04 0.0000e+00 0.0000e+00
2.7016e+06 3.6694e+06 1.0969e+04 0.0000e+00 0.0000e+00
2.7144e+06 3.6566e+06 1.0954e+04 0.0000e+00 0.0000e+00
2.7271e+06 3.6439e+06 1.0940e+04 0.0000e+00 0.0000e+00
2.7399e+06 3.6311e+06 1.0925e+04 0.0000e+00 0.0000e+00
2.7527e+06 3.6183e+06 1.0910e+04 0.0000e+00 0.0000e+00
2.7654e+06 3.6056e+06 1.0895e+04 0.0000e+00 0.0000e+00
2.7782e+06 3.5928e+06 1.0879e+04 0.0000e+00 0.0000e+00
2.7909e+06 3.5801e+06 1.0864e+04 0.0000e+00 0.0000e+00
2.8037e+06 3.5673e+06 1.0849e+04 0.0000e+00 0.0000e+00
2.8165e+06 3.5545e+06 1.0833e+04 0.0000e+00 0.0000e+00
2.8292e+06 3.5418e+06 1.0818e+04 0.0000e+00 0.0000e+00
2.8420e+06 3.5290e+06 1.0802e+04 0.0000e+00 0.0000e+00
2.8547e+06 3.5163e+06 1.0787e+04 0.0000e+00 0.0000e+00
2.8675e+06 3.5035e+06 1.0771e+04 0.0000e+00 0.0000e+00
2.8803e+06 3.4907e+06 1.0755e+04 0.0000e+00 0.0000e+00
2.8930e+06 3.4780e+06 1.0739e+04 0.0000e+00 0.0000e+00
2.9058e+06 3.4652e+06 1.0723e+04 0.0000e+00 0.0000e+00
2.9185e+06 3.4525e+06 1.0707e+04 0.0000e+00 0.0000e+00
2.9313e+06 3.4397e+06 1.0690e+04 0.0000e+00 0.0000e+00
2.9440e+06 3.4270e+06 1.0674e+04 0.0000e+00 0.0000e+00
2.9568e+06 3.4142e+06 1.0658e+04 0.0000e+00 0.0000e+00
2.9696e+06 3.4014e+06 1.0641e+04 0.0000e+00 0.0000e+00
2.9823e+06 3.3887e+06 1.0625e+04 0.0000e+00 0.0000e+00
2.9951e+06 3.3759e+06 1.0608e+04 0.0000e+00 0.0000e+00
3.0078e+06 3.3632e+06 1.0591e+04 0.0000e+00 0.0000e+00
3.0206e+06 3.3504e+06 1.0574e+04 0.0000e+00 0.0000e+00
3.0334e+06 3.3376e+06 1.0557e+04 0.0000e+00 0.0000e+00
3.0461e+06 3.3249e+06 1.0540e+04 0.0000e+00 0.0000e+00
3.0589e+06 3.3121e+06 1.0523e+04 0.0000e+00 0.0000e+00
3.0716e+06 3.2994e+06 1.0506e+04 0.0000e+00 0.0000e+00
3.0844e+06 3.2866e+06 1.0489e+04 0.0000e+00 0.0000e+00
3.0972e+06 3.2738e+06 1.0471e+04 0.0000e+00 0.0000e+00
3.1099e+06 3.2611e+06 1.0454e+04 0.0000e+00 0.0000e+00
3.1227e+06 3.2483e+06 1.0436e+04 0.0000e+00 0.0000e+00
3.1354e+06 3.2356e+06 1.0418e+04 0.0000e+00 0.0000e+00
3.1482e+06 3.2228e+06 1.0401e+04 0.0000e+00 0.0000e+00
3.1610e+06 3.2100e+06 1.0383e+04 0.0000e+00 0.0000e+00
3.1737e+06 3.1973e+06 1.0365e+04 0.0000e+00 0.0000e+00
3.1865e+06 3.1845e+06 1.0347e+04 0.0000e+00 0.0000e+00
3.1992e+06 3.1718e+06 1.0328e+04 0.0000e+00 0.0000e+00
3.2120e+06 3.1590e+06 1.0310e+04 0.0000e+00 0.0000e+00
3.2248e+06 3.1462e+06 1.0292e+04 0.0000e+00 0.0000e+00
3.2375e+06 3.1335e+06 1.0273e+04 0.0000e+00 0.0000e+00
3.2503e+06 3.1207e+06 1.0255e+04 0.0000e+00 0.0000e+00
3.2630e+06 3.1080e+06 1.0236e+04 0.0000e+00 0.0000e+00
3.2758e+06 3.0952e+06 1.0217e+04 0.0000e+00 0.0000e+00
3.2886e+06 3.0824e+06 1.0198e+04 0.0000e+00 0.0000e+00
3.3013e+06 3.0697e+06 1.0179e+04 0.0000e+00 0.0000e+00
3.3141e+06 3.0569e+06 1.0160e+04 0.0000e+00 0.0000e+00
3.3268e+06 3.0442e+06 1.0141e+04 0.0000e+00 0.0000e+00
3.3396e+06 3.0314e+06 1.0122e+04 0.0000e+00 0.0000e+00
3.3524e+06 3.0186e+06 1.0103e+04 0.0000e+00 0.0000e+00
3.3651e+06 3.0059e+06 1.0083e+04 0.0000e+00 0.0000e+00
3.3779e+06 2.9931e+06 1.0064e+04 0.0000e+00 0.0000e+00
3.3906e+06 2.9804e+06 1.0044e+04 0.0000e+00 0.0000e+00
3.4034e+06 2.9676e+06 1.0024e+04 0.0000e+00 0.0000e+00
3.4162e+06 2.9548e+06 1.0004e+04 0.0000e+00 0.0000e+00
3.4289e+06 2.9421e+06 9.9843e+03 0.0000e+00 0.0000e+00
3.4417e+06 2.9293e+06 9.9643e+03 0.0000e+00 0.0000e+00
3.4544e+06 2.9166e+06 9.9441e+03 0.0000e+00 0.0000e+00
3.4672e+06 2.9038e+06 9.9238e+03 0.0000e+00 0.0000e+00
3.4800e+06 2.8910e+06 9.9035e+03 0.0000e+00 0.0000e+00
3.4800e+06 2.8910e+06 5.5664e+03 7.2647e+03 3.5500e+02
3.4893e+06 2.8817e+06 5.5618e+03 7.2648e+03 3.5500e+02
3.4987e+06 2.8723e+06 5.5571e+03 7.2649e+03 3.5500e+02
3.5081e+06 2.8629e+06 5.5524e+03 7.2649e+03 3.5500e+02
3.5175e+06 2.8535e+06 5.5477e+03 7.2650e+03 3.5500e+02
3.5268e+06 2.8442e+06 5.5430e+03 7.2651e+03 3.5500e+02
3.5362e+06 2.8348e+06 5.5383e+03 7.2652e+03 3.5500e+02
3.5456e+06 2.8254e+06 5.5336e+03 7.2653e+03 3.5500e+02
3.5550e+06 2.8160e+06 5.5289e+03 7.2654e+03 3.5500e+02
3.5644e+06 2.8066e+06 5.5242e+03 7.2655e+03 3.5500e+02
3.5737e+06 2.7973e+06 5.5195e+03 7.2655e+03 3.5500e+02
3.5831e+06 2.7879e+06 5.5149e+03 7.2656e+03 3.5500e+02
3.5925e+06 2.7785e+06 5.5102e+03 7.2657e+03 3.5500e+02
3.6019e+06 2.7691e+06 5.5055e+03 7.2658e+03 3.5500e+02
3.6112e+06 2.7598e+06 5.5008e+03 7.2658e+03 3.5500e+02
3.6206e+06 2.7504e+06 5.4961e+03 7.2659e+03 3.5500e+02
3.6300e+06 2.7410e+06 5.4914e+03 7.2660e+03 3.5500e+02
3.6300e+06 2.7410e+06 5.4914e+03 7.2660e+03 3.5500e+02
3.6395e+06 2.7315e+06 5.4867e+03 7.2616e+03 3.5500e+02
3.6489e+06 2.7221e+06 5.4820e+03 7.2573e+03 3.5500e+02
3.6584e+06 2.7126e+06 5.4773e+03 7.2530e+03 3.5500e+02
3.6679e+06 2.7031e+06 5.4726e+03 7.2486e+03 3.5500e+02
3.6774e+06 2.6936e+06 5.4679e+03 7.2443e+03 3.5500e+02
3.6868e+06 2.6842e+06 5.4631e+03 7.2400e+03 3.5500e+02
3.6963e+06 2.6747e+06 5.4584e+03 7.2357e+03 3.5500e+02
3.7058e+06 2.6652e+06 5.4537e+03 7.2314e+03 3.5500e+02
3.7152e+06 2.6558e+06 5.4490e+03 7.2271e+03 3.5500e+02
3.7247e+06 2.6463e+06 5.4443e+03 7.2228e+03 3.5500e+02
3.7342e+06 2.6368e+06 5.4396e+03 7.2186e+03 3.5500e+02
3.7437e+06 2.6273e+06 5.4349e+03 7.2143e+03 3.5500e+02
3.7531e+06 2.6179e+06 5.4301e+03 7.2100e+03 3.5500e+02
3.7626e+06 2.6084e+06 5.4254e+03 7.2057e+03 3.5500e+02
3.7721e+06 2.5989e+06 5.4207e+03 7.2015e+03 3.5500e+02
3.7815e+06 2.5895e+06 5.4160e+03 7.1972e+03 3.5500e+02
3.7910e+06 2.5800e+06 5.4113e+03 7.1930e+03 3.5500e+02
3.8005e+06 2.5705e+06 5.4066e+03 7.1887e+03 3.5500e+02
3.8100e+06 2.5610e+06 5.4019e+03 7.1844e+03 3.5500e+02
3.8194e+06 2.5516e+06 5.3971e+03 7.1802e+03 3.5500e+02
3.8289e+06 2.5421e+06 5.3924e+03 7.1760e+03 3.5500e+02
3.8384e+06 2.5326e+06 5.3877e+03 7.1717e+03 3.5500e+02
3.8478e+06 2.5232e+06 5.3830e+03 7.1675e+03 3.5500e+02
3.8573e+06 2.5137e+06 5.3783e+03 7.1633e+03 3.5500e+02
3.8668e+06 2.5042e+06 5.3736e+03 7.1590e+03 3.5500e+02
3.8762e+06 2.4948e+06 5.3689e+03 7.1548e+03 3.5500e+02
3.8857e+06 2.4853e+06 5.3642e+03 7.1506e+03 3.5500e+02
3.8952e+06 2.4758e+06 5.3594e+03 7.1464e+03 3.5500e+02
3.9047e+06 2.4663e+06 5.3547e+03 7.1421e+03 3.5500e+02
3.9141e+06 2.4569e+06 5.3500e+03 7.1379e+03 3.5500e+02
3.9236e+06 2.4474e+06 5.3453e+03 7.1337e+03 3.5500e+02
3.9331e+06 2.4379e+06 5.3406e+03 7.1295e+03 3.5500e+02
3.9425e+06 2.4285e+06 5.3359e+03 7.1253e+03 3.5500e+02
3.9520e+06 2.4190e+06 5.3312e+03 7.1211e+03 3.5500e+02
3.9615e+06 2.4095e+06 5.3264e+03 7.1169e+03 3.5500e+02
3.9710e+06 2.4000e+06 5.3217e+03 7.1126e+03 3.5500e+02
3.9804e+06 2.3906e+06 5.3170e+03 7.1084e+03 3.5500e+02
3.9899e+06 2.3811e+06 5.3123e+03 7.1042e+03 3.5500e+02
3.9994e+06 2.3716e+06 5.3076e+03 7.1000e+03 3.5500e+02
4.0088e+06 2.3622e+06 5.3028e+03 7.0958e+03 3.5500e+02
4.0183e+06 2.3527e+06 5.2981e+03 7.0916e+03 3.5500e+02
4.0278e+06 2.3432e+06 5.2934e+03 7.0874e+03 3.5500e+02
4.0373e+06 2.3337e+06 5.2886e+03 7.0832e+03 3.5500e+02
4.0467e+06 2.3243e+06 5.2839e+03 7.0790e+03 3.5500e+02
4.0562e+06 2.3148e+06 5.2792e+03 7.0748e+03 3.5500e+02
4.0657e+06 2.3053e+06 5.2744e+03 7.0705e+03 3.5500e+02
4.0751e+06 2.2959e+06 5.2697e+03 7.0663e+03 3.5500e+02
4.0846e+06 2.2864e+06 5.2650e+03 7.0621e+03 3.5500e+02
4.0941e+06 2.2769e+06 5.2602e+03 7.0579e+03 3.5500e+02
4.1036e+06 2.2674e+06 5.2555e+03 7.0537e+03 3.5500e+02
4.1130e+06 2.2580e+06 5.2508e+03 7.0494e+03 3.5500e+02
4.1225e+06 2.2485e+06 5.2460e+03 7.0452e+03 3.5500e+02
4.1320e+06 2.2390e+06 5.2413e+03 7.0410e+03 3.5500e+02
4.1414e+06 2.2296e+06 5.2365e+03 7.0368e+03 3.5500e+02
4.1509e+06 2.2201e+06 5.2318e+03 7.0325e+03 3.5500e+02
4.1604e+06 2.2106e+06 5.2270e+03 7.0283e+03 3.5500e+02
4.1699e+06 2.2011e+06 5.2223e+03 7.0241e+03 3.5500e+02
4.1793e+06 2.1917e+06 5.2175e+03 7.0198e+03 3.5500e+02
4.1888e+06 2.1822e+06 5.2128e+03 7.0156e+03 3.5500e+02
4.1983e+06 2.1727e+06 5.2080e+03 7.0113e+03 3.5500e+02
4.2077e+06 2.1633e+06 5.2032e+03 7.0071e+03 3.5500e+02
4.2172e+06 2.1538e+06 5.1985e+03 7.0028e+03 3.5500e+02
4.2267e+06 2.1443e+06 5.1937e+03 6.9985e+03 3.5500e+02
4.2362e+06 2.1348e+06 5.1889e+03 6.9943e+03 3.5500e+02
4.2456e+06 2.1254e+06 5.1841e+03 6.9900e+03 3.5500e+02
4.2551e+06 2.1159e+06 5.1794e+03 6.9857e+03 3.5500e+02
4.2646e+06 2.1064e+06 5.1746e+03 6.9814e+03 3.5500e+02
4.2740e+06 2.0970e+06 5.1698e+03 6.9771e+03 3.5500e+02
4.2835e+06 2.0875e+06 5.1650e+03 6.9729e+03 3.5500e+02
4.2930e+06 2.0780e+06 5.1602e+03 6.9686e+03 3.5500e+02
4.3025e+06 2.0685e+06 5.1554e+03 6.9643e+03 3.5500e+02
4.3119e+06 2.0591e+06 5.1506e+03 6.9599e+03 3.5500e+02
4.3214e+06 2.0496e+06 5.1459e+03 6.9556e+03 3.5500e+02
4.3309e+06 2.0401e+06 5.1411e+03 6.9513e+03 3.5500e+02
4.3403e+06 2.0307e+06 5.1362e+03 6.9470e+03 3.5500e+02
4.3498e+06 2.0212e+06 5.1314e+03 6.9427e+03 3.5500e+02
4.3593e+06 2.0117e+06 5.1266e+03 6.9383e+03 3.5500e+02
4.3688e+06 2.0022e+06 5.1218e+03 6.9340e+03 3.5500e+02
4.3782e+06 1.9928e+06 5.1170e+03 6.9296e+03 3.5500e+02
4.3877e+06 1.9833e+06 5.1122e+03 6.9252e+03 3.5500e+02
4.3972e+06 1.9738e+06 5.1074e+03 6.9209e+03 3.5500e+02
4.4066e+06 1.9644e+06 5.1025e+03 6.9165e+03 3.5500e+02
4.4161e+06 1.9549e+06 5.0977e+03 6.9121e+03 3.5500e+02
4.4256e+06 1.9454e+06 5.0929e+03 6.9077e+03 3.5500e+02
4.4350e+06 1.9360e+06 5.0880e+03 6.9033e+03 3.5500e+02
4.4445e+06 1.9265e+06 5.0832e+03 6.8989e+03 3.5500e+02
4.4540e+06 1.9170e+06 5.0783e+03 6.8945e+03 3.5500e+02
4.4635e+06 1.9075e+06 5.0735e+03 6.8901e+03 3.5500e+02
4.4729e+06 1.8981e+06 5.0686e+03 6.8856e+03 3.5500e+02
4.4824e+06 1.8886e+06 5.0637e+03 6.8812e+03 3.5500e+02
4.4919e+06 1.8791e+06 5.0589e+03 6.8767e+03 3.5500e+02
4.5013e+06 1.8697e+06 5.0540e+03 6.8722e+03 3.5500e+02
4.5108e+06 1.8602e+06 5.0491e+03 6.8678e+03 3.5500e+02
4.5203e+06 1.8507e+06 5.0442e+03 6.8633e+03 3.5500e+02
4.5298e+06 1.8412e+06 5.0394e+03 6.8588e+03 3.5500e+02
4.5392e+06 1.8318e+06 5.0345e+03 6.8543e+03 3.5500e+02
4.5487e+06 1.8223e+06 5.0296e+03 6.8498e+03 3.5500e+02
4.5582e+06 1.8128e+06 5.0247e+03 6.8452e+03 3.5500e+02
4.5676e+06 1.8034e+06 5.0198e+03 6.8407e+03 3.5500e+02
4.5771e+06 1.7939e+06 5.0149e+03 6.8362e+03 3.5500e+02
4.5866e+06 1.7844e+06 5.0100e+03 6.8316e+03 3.5500e+02
4.5961e+06 1.7749e+06 5.0050e+03 6.8270e+03 3.5500e+02
4.6055e+06 1.7655e+06 5.0001e+03 6.8224e+03 3.5500e+02
4.6150e+06 1.7560e+06 4.9952e+03 6.8179e+03 3.5500e+02
4.6245e+06 1.7465e+06 4.9903e+03 6.8132e+03 3.5500e+02
4.6339e+06 1.7371e+06 4.9853e+03 6.8086e+03 3.5500e+02
4.6434e+06 1.7276e+06 4.9804e+03 6.8040e+03 3.5500e+02
4.6529e+06 1.7181e+06 4.9754e+03 6.7994e+03 3.5500e+02
4.6624e+06 1.7086e+06 4.9705e+03 6.7947e+03 3.5500e+02
4.6718e+06 1.6992e+06 4.9655e+03 6.7900e+03 3.5500e+02
4.6813e+06 1.6897e+06 4.9606e+03 6.7853e+03 3.5500e+02
4.6908e+06 1.6802e+06 4.9556e+03 6.7806e+03 3.5500e+02
4.7002e+06 1.6708e+06 4.9506e+03 6.7759e+03 3.5500e+02
4.7097e+06 1.6613e+06 4.9456e+03 6.7712e+03 3.5500e+02
4.7192e+06 1.6518e+06 4.9406e+03 6.7665e+03 3.5500e+02
4.7287e+06 1.6423e+06 4.9356e+03 6.7617e+03 3.5500e+02
4.7381e+06 1.6329e+06 4.9306e+03 6.7570e+03 3.5500e+02
4.7476e+06 1.6234e+06 4.9256e+03 6.7522e+03 3.5500e+02
4.7571e+06 1.6139e+06 4.9206e+03 6.7474e+03 3.5500e+02
4.7665e+06 1.6045e+06 4.9156e+03 6.7426e+03 3.5500e+02
4.7760e+06 1.5950e+06 4.9106e+03 6.7378e+03 3.5500e+02
4.7855e+06 1.5855e+06 4.9056e+03 6.7329e+03 3.5500e+02
4.7950e+06 1.5760e+06 4.9005e+03 6.7281e+03 3.5500e+02
4.8044e+06 1.5666e+06 4.8955e+03 6.7232e+03 3.5500e+02
4.8139e+06 1.5571e+06 4.8904e+03 6.7183e+03 3.5500e+02
4.8234e+06 1.5476e+06 4.8854e+03 6.7134e+03 3.5500e+02
4.8328e+06 1.5382e+06 4.8803e+03 6.7085e+03 3.5500e+02
4.8423e+06 1.5287e+06 4.8752e+03 6.7036e+03 3.5500e+02
4.8518e+06 1.5192e+06 4.8702e+03 6.6986e+03 3.5500e+02
4.8612e+06 1.5098e+06 4.8651e+03 6.6937e+03 3.5500e+02
4.8707e+06 1.5003e+06 4.8600e+03 6.6887e+03 3.5500e+02
4.8802e+06 1.4908e+06 4.8549e+03 6.6837e+03 3.5500e+02
4.8897e+06 1.4813e+06 4.8498e+03 6.6787e+03 3.5500e+02
4.8991e+06 1.4719e+06 4.8447e+03 6.6736e+03 3.5500e+02
4.9086e+06 1.4624e+06 4.8396e+03 6.6686e+03 3.5500e+02
4.9181e+06 1.4529e+06 4.8344e+03 6.6635e+03 3.5500e+02
4.9275e+06 1.4435e+06 4.8293e+03 6.6584e+03 3.5500e+02
4.9370e+06 1.4340e+06 4.8242e+03 6.6533e+03 3.5500e+02
4.9465e+06 1.4245e+06 4.8190e+03 6.6482e+03 3.5500e+02
4.9560e+06 1.4150e+06 4.8139e+03 6.6431e+03 3.5500e+02
4.9654e+06 1.4056e+06 4.8087e+03 6.6379e+03 3.5500e+02
4.9749e+06 1.3961e+06 4.8036e+03 6.6327e+03 3.5500e+02
4.9844e+06 1.3866e+06 4.7984e+03 6.6275e+03 3.5500e+02
4.9938e+06 1.3772e+06 4.7932e+03 6.6223e+03 3.5500e+02
5.0033e+06 1.3677e+06 4.7880e+03 6.6171e+03 3.5500e+02
5.0128e+06 1.3582e+06 4.7828e+03 6.6118e+03 3.5500e+02
5.0223e+06 1.3487e+06 4.7776e+03 6.6066e+03 3.5500e+02
5.0317e+06 1.3393e+06 4.7724e+03 6.6013e+03 3.5500e+02
5.0412e+06 1.3298e+06 4.7672e+03 6.5959e+03 3.5500e+02
5.0507e+06 1.3203e+06 4.7619e+03 6.5906e+03 3.5500e+02
5.0601e+06 1.3109e+06 4.7567e+03 6.5849e+03 3.5500e+02
5.0696e+06 1.3014e+06 4.7515e+03 6.5795e+03 3.5500e+02
5.0791e+06 1.2919e+06 4.7462e+03 6.5741e+03 3.5500e+02
5.0886e+06 1.2824e+06 4.7409e+03 6.5687e+03 3.5500e+02
5.0980e+06 1.2730e+06 4.7357e+03 6.5632e+03 3.5500e+02
5.1075e+06 1.2635e+06 4.7304e+03 6.5577e+03 3.5500e+02
5.1170e+06 1.2540e+06 4.7251e+03 6.5522e+03 3.5500e+02
5.1264e+06 1.2446e+06 4.7198e+03 6.5467e+03 3.5500e+02
5.1359e+06 1.2351e+06 4.7145e+03 6.5412e+03 3.5500e+02
5.1454e+06 1.2256e+06 4.7091e+03 6.5356e+03 3.5500e+02
5.1549e+06 1.2161e+06 4.7038e+03 6.5301e+03 3.5500e+02
5.1643e+06 1.2067e+06 4.6984e+03 6.5244e+03 3.5500e+02
5.1738e+06 1.1972e+06 4.6931e+03 6.5188e+03 3.5500e+02
5.1833e+06 1.1877e+06 4.6877e+03 6.5132e+03 3.5500e+02
5.1927e+06 1.1783e+06 4.6823e+03 6.5075e+03 3.5500e+02
5.2022e+06 1.1688e+06 4.6769e+03 6.5018e+03 3.5500e+02
5.2117e+06 1.1593e+06 4.6714e+03 6.4961e+03 3.5500e+02
5.2212e+06 1.1498e+06 4.6660e+03 6.4904e+03 3.5500e+02
5.2306e+06 1.1404e+06 4.6605e+03 6.4846e+03 3.5500e+02
5.2401e+06 1.1309e+06 4.6550e+03 6.4788e+03 3.5500e+02
5.2496e+06 1.1214e+06 4.6495e+03 6.4730e+03 3.5500e+02
5.2590e+06 1.1120e+06 4.6440e+03 6.4672e+03 3.5500e+02
5.2685e+06 1.1025e+06 4.6385e+03 6.4613e+03 3.5500e+02
5.2780e+06 1.0930e+06 4.6329e+03 6.4554e+03 3.5500e+02
5.2875e+06 1.0835e+06 4.6273e+03 6.4495e+03 3.5500e+02
5.2969e+06 1.0741e+06 4.6217e+03 6.4436e+03 3.5500e+02
5.3064e+06 1.0646e+06 4.6161e+03 6.4376e+03 3.5500e+02
5.3159e+06 1.0551e+06 4.6104e+03 6.4316e+03 3.5500e+02
5.3253e+06 1.0457e+06 4.6048e+03 6.4256e+03 3.5500e+02
5.3348e+06 1.0362e+06 4.5991e+03 6.4196e+03 3.5500e+02
5.3443e+06 1.0267e+06 4.5934e+03 6.4136e+03 3.5500e+02
5.3538e+06 1.0172e+06 4.5876e+03 6.4075e+03 3.5500e+02
5.3632e+06 1.0078e+06 4.5819e+03 6.4014e+03 3.5500e+02
5.3727e+06 9.9831e+05 4.5761e+03 6.3952e+03 3.5500e+02
5.3822e+06 9.8884e+05 4.5703e+03 6.3891e+03 3.5500e+02
5.3916e+06 9.7936e+05 4.5644e+03 6.3829e+03 3.5500e+02
5.4011e+06 9.6989e+05 4.5586e+03 6.3767e+03 3.5500e+02
5.4106e+06 9.6042e+05 4.5527e+03 6.3705e+03 3.5500e+02
5.4200e+06 9.5095e+05 4.5468e+03 6.3642e+03 3.5500e+02
5.4295e+06 9.4148e+05 4.5408e+03 6.3579e+03 3.5500e+02
5.4390e+06 9.3201e+05 4.5348e+03 6.3516e+03 3.5500e+02
5.4485e+06 9.2254e+05 4.5289e+03 6.3452e+03 3.5500e+02
5.4579e+06 9.1307e+05 4.5228e+03 6.3389e+03 3.5500e+02
5.4674e+06 9.0360e+05 4.5168e+03 6.3325e+03 3.5500e+02
5.4769e+06 8.9412e+05 4.5107e+03 6.3261e+03 3.5500e+02
5.4863e+06 8.8465e+05 4.5046e+03 6.3196e+03 3.5500e+02
5.4958e+06 8.7518e+05 4.4984e+03 6.3131e+03 3.5500e+02
5.5053e+06 8.6571e+05 4.4922e+03 6.3066e+03 3.5500e+02
5.5148e+06 8.5624e+05 4.4860e+03 6.3001e+03 3.5500e+02
5.5242e+06 8.4677e+05 4.4798e+03 6.2935e+03 3.5500e+02
5.5337e+06 8.3730e+05 4.4735e+03 6.2869e+03 3.5500e+02
5.5432e+06 8.2783e+05 4.4672e+03 6.2803e+03 3.5500e+02
5.5526e+06 8.1836e+05 4.4609e+03 6.2736e+03 3.5500e+02
5.5621e+06 8.0888e+05 4.4545e+03 6.2670e+03 3.5500e+02
5.5716e+06 7.9941e+05 4.4481e+03 6.2602e+03 3.5500e+02
5.5811e+06 7.8994e+05 4.4416e+03 6.2535e+03 3.5500e+02
5.5905e+06 7.8047e+05 4.4351e+03 6.2468e+03 3.5500e+02
5.6000e+06 7.7100e+05 4.4286e+03 6.2399e+03 3.5500e+02
5.6000e+06 7.7100e+05 4.4286e+03 6.2399e+03 3.5500e+02
5.6076e+06 7.6344e+05 4.4233e+03 6.2197e+03 3.5500e+02
5.6151e+06 7.5588e+05 4.4180e+03 6.2003e+03 3.5500e+02
5.6227e+06 7.4831e+05 4.4127e+03 6.1812e+03 3.5500e+02
5.6302e+06 7.4075e+05 4.4073e+03 6.1620e+03 3.5500e+02
5.6378e+06 7.3319e+05 4.4019e+03 6.1430e+03 3.5500e+02
5.6454e+06 7.2562e+05 4.3964e+03 6.1240e+03 3.5500e+02
5.6529e+06 7.1806e+05 4.3910e+03 6.1037e+03 3.5500e+02
5.6605e+06 7.1050e+05 4.3854e+03 6.0835e+03 3.5500e+02
5.6681e+06 7.0294e+05 4.3798e+03 6.0634e+03 3.5500e+02
5.6756e+06 6.9538e+05 4.3742e+03 6.0434e+03 3.5500e+02
5.6832e+06 6.8781e+05 4.3685e+03 6.0235e+03 3.5500e+02
5.6908e+06 6.8025e+05 4.3627e+03 6.0037e+03 3.5500e+02
5.6983e+06 6.7269e+05 4.3569e+03 5.9840e+03 3.5500e+02
5.7059e+06 6.6512e+05 4.3511e+03 5.9644e+03 3.5500e+02
5.7134e+06 6.5756e+05 4.3452e+03 5.9448e+03 3.5500e+02
5.7210e+06 6.5000e+05 4.3392e+03 5.9253e+03 3.5500e+02
5.7210e+06 6.5000e+05 4.0470e+03 5.5503e+03 1.6500e+02
5.7246e+06 6.4643e+05 4.0425e+03 5.5412e+03 1.6500e+02
5.7281e+06 6.4286e+05 4.0380e+03 5.5321e+03 1.6500e+02
5.7317e+06 6.3929e+05 4.0335e+03 5.5230e+03 1.6500e+02
5.7353e+06 6.3571e+05 4.0289e+03 5.5138e+03 1.6500e+02
5.7389e+06 6.3214e+05 4.0244e+03 5.5047e+03 1.6500e+02
5.7424e+06 6.2857e+05 4.0199e+03 5.4956e+03 1.6500e+02
5.7460e+06 6.2500e+05 4.0154e+03 5.4865e+03 1.6500e+02
5.7496e+06 6.2143e+05 4.0109e+03 5.4774e+03 1.6500e+02
5.7531e+06 6.1786e+05 4.0064e+03 5.4682e+03 1.6500e+02
5.7567e+06 6.1429e+05 4.0019e+03 5.4591e+03 1.6500e+02
5.7603e+06 6.1071e+05 3.9973e+03 5.4500e+03 1.6500e+02
5.7639e+06 6.0714e+05 3.9928e+03 5.4408e+03 1.6500e+02
5.7674e+06 6.0357e+05 3.9883e+03 5.4317e+03 1.6500e+02
5.7710e+06 6.0000e+05 3.9838e+03 5.4226e+03 1.6500e+02
5.7710e+06 6.0000e+05 3.9838e+03 5.4226e+03 1.6500e+02
5.7773e+06 5.9367e+05 3.9758e+03 5.4064e+03 1.6500e+02
5.7837e+06 5.8733e+05 3.9678e+03 5.3903e+03 1.6500e+02
5.7900e+06 5.8100e+05 3.9598e+03 5.3743e+03 1.6500e+02
5.7963e+06 5.7467e+05 3.9518e+03 5.3585e+03 1.6500e+02
5.8027e+06 5.6833e+05 3.9437e+03 5.3428e+03 1.6500e+02
5.8090e+06 5.6200e+05 3.9357e+03 5.3273e+03 1.6500e+02
5.8153e+06 5.5567e+05 3.9277e+03 5.3119e+03 1.6500e+02
5.8217e+06 5.4933e+05 3.9197e+03 5.2967e+03 1.6500e+02
5.8280e+06 5.4300e+05 3.9117e+03 5.2817e+03 1.6500e+02
5.8343e+06 5.3667e+05 3.9036e+03 5.2669e+03 1.6500e+02
5.8407e+06 5.3033e+05 3.8956e+03 5.2522e+03 1.6500e+02
5.8470e+06 5.2400e+05 3.8876e+03 5.2378e+03 1.6500e+02
5.8533e+06 5.1767e+05 3.8795e+03 5.2236e+03 1.6500e+02
5.8597e+06 5.1133e+05 3.8715e+03 5.2095e+03 1.6500e+02
5.8660e+06 5.0500e+05 3.8635e+03 5.1957e+03 1.6500e+02
5.8723e+06 4.9867e+05 3.8554e+03 5.1821e+03 1.6500e+02
5.8787e+06 4.9233e+05 3.8474e+03 5.1687e+03 1.6500e+02
5.8850e+06 4.8600e+05 3.8393e+03 5.1554e+03 1.6500e+02
5.8913e+06 4.7967e+05 3.8313e+03 5.1422e+03 1.6500e+02
5.8977e+06 4.7333e+05 3.8232e+03 5.1291e+03 1.6500e+02
5.9040e+06 4.6700e+05 3.8152e+03 5.1158e+03 1.6500e+02
5.9103e+06 4.6067e+05 3.8071e+03 5.1026e+03 1.6500e+02
5.9167e+06 4.5433e+05 3.7990e+03 5.0891e+03 1.6500e+02
5.9230e+06 4.4800e+05 3.7909e+03 5.0755e+03 1.6500e+02
5.9293e+06 4.4167e+05 3.7828e+03 5.0616e+03 1.6500e+02
5.9357e+06 4.3533e+05 3.7748e+03 5.0475e+03 1.6500e+02
5.9420e+06 4.2900e+05 3.7667e+03 5.0329e+03 1.6500e+02
5.9483e+06 4.2267e+05 3.7586e+03 5.0180e+03 1.6500e+02
5.9547e+06 4.1633e+05 3.7504e+03 5.0027e+03 1.6500e+02
5.9610e+06 4.1000e+05 3.7423e+03 4.9868e+03 1.6500e+02
5.9610e+06 4.1000e+05 3.5549e+03 4.8027e+03 1.6500e+02
5.9673e+06 4.0367e+05 3.5510e+03 4.7990e+03 1.6500e+02
5.9737e+06 3.9733e+05 3.5471e+03 4.7953e+03 1.6500e+02
5.9800e+06 3.9100e+05 3.5432e+03 4.7916e+03 1.6500e+02
5.9863e+06 3.8467e+05 3.5392e+03 4.7874e+03 1.6500e+02
5.9927e+06 3.7833e+05 3.5353e+03 4.7825e+03 1.6500e+02
5.9990e+06 3.7200e+05 3.5314e+03 4.7769e+03 1.6500e+02
6.0053e+06 3.6567e+05 3.5275e+03 4.7706e+03 1.6500e+02
6.0117e+06 3.5933e+05 3.5236e+03 4.7636e+03 1.6500e+02
6.0180e+06 3.5300e+05 3.5197e+03 4.7558e+03 1.6500e+02
6.0243e+06 3.4667e+05 3.5158e+03 4.7472e+03 1.6500e+02
6.0307e+06 3.4033e+05 3.5119e+03 4.7378e+03 1.6500e+02
6.0370e+06 3.3400e+05 3.5081e+03 4.7277e+03 1.6500e+02
6.0433e+06 3.2767e+05 3.5042e+03 4.7171e+03 1.6500e+02
6.0497e+06 3.2133e+05 3.5004e+03 4.7060e+03 1.6500e+02
6.0560e+06 3.1500e+05 3.4966e+03 4.6945e+03 1.6500e+02
6.0623e+06 3.0867e+05 3.4928e+03 4.6828e+03 1.6500e+02
6.0687e+06 3.0233e+05 3.4891e+03 4.6708e+03 1.6500e+02
6.0750e+06 2.9600e+05 3.4853e+03 4.6588e+03 1.6500e+02
6.0813e+06 2.8967e+05 3.4816e+03 4.6468e+03 1.6500e+02
6.0877e+06 2.8333e+05 3.4779e+03 4.6348e+03 1.6500e+02
6.0940e+06 2.7700e+05 3.4742e+03 4.6229e+03 1.6500e+02
6.1003e+06 2.7067e+05 3.4704e+03 4.6112e+03 1.6500e+02
6.1067e+06 2.6433e+05 3.4666e+03 4.5996e+03 1.6500e+02
6.1130e+06 2.5800e+05 3.4627e+03 4.5884e+03 1.6500e+02
6.1193e+06 2.5167e+05 3.4588e+03 4.5774e+03 1.6500e+02
6.1257e+06 2.4533e+05 3.4548e+03 4.5669e+03 1.6500e+02
6.1320e+06 2.3900e+05 3.4506e+03 4.5567e+03 1.6500e+02
6.1383e+06 2.3267e+05 3.4463e+03 4.5470e+03 1.6500e+02
6.1447e+06 2.2633e+05 3.4419e+03 4.5379e+03 1.6500e+02
6.1510e+06 2.2000e+05 3.4373e+03 4.5294e+03 1.6500e+02
6.1510e+06 2.2000e+05 3.4373e+03 4.5294e+03 7.0000e+01
6.1571e+06 2.1391e+05 3.4328e+03 4.5218e+03 7.0000e+01
6.1632e+06 2.0783e+05 3.4282e+03 4.5147e+03 7.0000e+01
6.1693e+06 2.0174e+05 3.4234e+03 4.5081e+03 7.0000e+01
6.1753e+06 1.9565e+05 3.4185e+03 4.5021e+03 7.0000e+01
6.1814e+06 1.8956e+05 3.4135e+03 4.4966e+03 7.0000e+01
6.1875e+06 1.8348e+05 3.4083e+03 4.4916e+03 7.0000e+01
6.1936e+06 1.7739e+05 3.4032e+03 4.4872e+03 7.0000e+01
6.1997e+06 1.7130e+05 3.3979e+03 4.4832e+03 7.0000e+01
6.2058e+06 1.6522e+05 3.3925e+03 4.4797e+03 7.0000e+01
6.2119e+06 1.5913e+05 3.3871e+03 4.4767e+03 7.0000e+01
6.2180e+06 1.5304e+05 3.3816e+03 4.4742e+03 7.0000e+01
6.2240e+06 1.4696e+05 3.3760e+03 4.4721e+03 7.0000e+01
6.2301e+06 1.4087e+05 3.3704e+03 4.4705e+03 7.0000e+01
6.2362e+06 1.3478e+05 3.3649e+03 4.4694e+03 7.0000e+01
6.2423e+06 1.2870e+05 3.3593e+03 4.4688e+03 7.0000e+01
6.2484e+06 1.2261e+05 3.3538e+03 4.4687e+03 7.0000e+01
6.2545e+06 1.1652e+05 3.3484e+03 4.4691e+03 7.0000e+01
6.2606e+06 1.1044e+05 3.3430e+03 4.4701e+03 7.0000e+01
6.2667e+06 1.0435e+05 3.3378e+03 4.4717e+03 7.0000e+01
6.2727e+06 9.8261e+04 3.3328e+03 4.4739e+03 7.0000e+01
6.2788e+06 9.2174e+04 3.3280e+03 4.4767e+03 7.0000e+01
6.2849e+06 8.6087e+04 3.3234e+03 4.4802e+03 7.0000e+01
6.2910e+06 8.0000e+04 3.3190e+03 4.4843e+03 7.0000e+01
6.2910e+06 8.0000e+04 3.3190e+03 4.4844e+03 1.9100e+02
6.2950e+06 7.6029e+04 3.3163e+03 4.4874e+03 1.9100e+02
6.2989e+06 7.2057e+04 3.3138e+03 4.4909e+03 1.9100e+02
6.3029e+06 6.8086e+04 3.3113e+03 4.4946e+03 1.9100e+02
6.3069e+06 6.4114e+04 3.3090e+03 4.4986e+03 1.9100e+02
6.3109e+06 6.0143e+04 3.3067e+03 4.5029e+03 1.9100e+02
6.3148e+06 5.6171e+04 3.3046e+03 4.5075e+03 1.9100e+02
6.3188e+06 5.2200e+04 3.3025e+03 4.5125e+03 1.9100e+02
6.3228e+06 4.8229e+04 3.3006e+03 4.5176e+03 1.9100e+02
6.3267e+06 4.4257e+04 3.2986e+03 4.5231e+03 1.9100e+02
6.3307e+06 4.0286e+04 3.2968e+03 4.5289e+03 1.9100e+02
6.3347e+06 3.6314e+04 3.2950e+03 4.5349e+03 1.9100e+02
6.3387e+06 3.2343e+04 3.2932e+03 4.5412e+03 1.9100e+02
6.3426e+06 2.8371e+04 3.2915e+03 4.5477e+03 1.9100e+02
6.3466e+06 2.4400e+04 3.2898e+03 4.5544e+03 1.9100e+02
6.3466e+06 2.4400e+04 2.9000e+03 3.9000e+03 3.0000e+02
6.3475e+06 2.3460e+04 2.9000e+03 3.9000e+03 3.0000e+02
6.3485e+06 2.2520e+04 2.9000e+03 3.9000e+03 3.0000e+02
6.3494e+06 2.1580e+04 2.9000e+03 3.9000e+03 3.0000e+02
6.3504e+06 2.0640e+04 2.9000e+03 3.9000e+03 3.0000e+02
6.3513e+06 1.9700e+04 2.9000e+03 3.9000e+03 3.0000e+02
6.3522e+06 1.8760e+04 2.9000e+03 3.9000e+03 3.0000e+02
6.3532e+06 1.7820e+04 2.9000e+03 3.9000e+03 3.0000e+02
6.3541e+06 1.6880e+04 2.9000e+03 3.9000e+03 3.0000e+02
6.3551e+06 1.5940e+04 2.9000e+03 3.9000e+03 3.0000e+02
6.3560e+06 1.5000e+04 2.9000e+03 3.9000e+03 3.0000e+02
6.3560e+06 1.5000e+04 2.6000e+03 3.2000e+03 3.0000e+02
6.3572e+06 1.3800e+04 2.6000e+03 3.2000e+03 3.0000e+02
6.3584e+06 1.2600e+04 2.6000e+03 3.2000e+03 3.0000e+02
6.3596e+06 1.1400e+04 2.6000e+03 3.2000e+03 3.0000e+02
6.3608e+06 1.0200e+04 2.6000e+03 3.2000e+03 3.0000e+02
6.3620e+06 9.0000e+03 2.6000e+03 3.2000e+03 3.0000e+02
6.3632e+06 7.8000e+03 2.6000e+03 3.2000e+03 3.0000e+02
6.3644e+06 6.6000e+03 2.6000e+03 3.2000e+03 3.0000e+02
6.3656e+06 5.4000e+03 2.6000e+03 3.2000e+03 3.0000e+02
6.3668e+06 4.2000e+03 2.6000e+03 3.2000e+03 3.0000e+02
6.3680e+06 3.0000e+03 2.6000e+03 3.2000e+03 3.0000e+02
6.3680e+06 2.9999e+03 1.0200e+03 0.0000e+00 0.0000e+00
6.3683e+06 2.7000e+03 1.0200e+03 0.0000e+00 0.0000e+00
6.3686e+06 2.4000e+03 1.0200e+03 0.0000e+00 0.0000e+00
6.3689e+06 2.1000e+03 1.0200e+03 0.0000e+00 0.0000e+00
6.3692e+06 1.8000e+03 1.0200e+03 0.0000e+00 0.0000e+00
6.3695e+06 1.5000e+03 1.0200e+03 0.0000e+00 0.0000e+00
6.3698e+06 1.2000e+03 1.0200e+03 0.0000e+00 0.0000e+00
6.3701e+06 9.0000e+02 1.0200e+03 0.0000e+00 0.0000e+00
6.3704e+06 6.0000e+02 1.0200e+03 0.0000e+00 0.0000e+00
6.3707e+06 3.0000e+02 1.0200e+03 0.0000e+00 0.0000e+00
6.3710e+06 0.0000e+00 1.0200e+03 0.0000e+00 0.0000e+00
